-3.191398	1069.876099	-0.511265
-2.956272	1070.300293	-0.511265
-2.720162	1070.726318	-0.511265
-2.483086	1071.154053	-0.511265
-2.245061	1071.583496	-0.511265
-2.006104	1072.014648	-0.511265
-1.766234	1072.44751	-0.511265
-1.525468	1072.881958	-0.511265
-1.283823	1073.318237	-0.511265
-1.041318	1073.755859	-0.511265
-0.797969	1074.195068	-0.511265
-0.553795	1074.635864	-0.511265
-0.308812	1075.078003	-0.511265
-0.063039	1075.521729	-0.511265
0.183507	1075.966797	-0.511265
0.430808	1076.41333	-0.511265
0.678847	1076.861206	-0.511265
0.927606	1077.310303	-0.511265
1.166019	1077.740723	-0.511265
1.404212	1078.170898	-0.511265
1.643012	1078.602173	-0.511265
1.882404	1079.034424	-0.511265
2.122372	1079.467773	-0.511265
2.3629	1079.902222	-0.511265
2.603975	1080.337524	-0.511265
2.845581	1080.773926	-0.511265
3.087703	1081.211182	-0.511265
3.330322	1081.649536	-0.511265
3.573429	1082.088623	-0.511265
3.817005	1082.528564	-0.511265
4.061035	1082.969482	-0.511265
4.305505	1083.411011	-0.511265
4.5504	1083.853394	-0.511265
4.795703	1084.296509	-0.511265
5.041399	1084.740479	-0.511265
5.287444	1085.184937	-0.511265
5.527352	1085.618286	-0.511265
5.76759	1086.052368	-0.511265
6.008142	1086.487061	-0.511265
6.249	1086.922119	-0.511265
6.490144	1087.35791	-0.511265
6.731564	1087.794067	-0.511265
6.973242	1088.230713	-0.511265
7.215167	1088.667847	-0.511265
7.457325	1089.105347	-0.511265
7.699703	1089.543335	-0.511265
7.942279	1089.981689	-0.511265
8.185054	1090.42041	-0.511265
8.427997	1090.859375	-0.511265
8.671103	1091.298706	-0.511265
8.914358	1091.738159	-0.511265
9.157747	1092.177979	-0.511265
9.401259	1092.618042	-0.511265
9.644873	1093.058228	-0.511265
9.88763	1093.496948	-0.511265
10.129812	1093.93457	-0.511265
10.372055	1094.372314	-0.511265
10.614347	1094.810181	-0.511265
10.856678	1095.248047	-0.511265
11.099028	1095.686035	-0.511265
11.341388	1096.123901	-0.511265
11.583738	1096.56189	-0.511265
11.826072	1096.999878	-0.511265
12.068374	1097.437622	-0.511265
12.310625	1097.875488	-0.511265
12.552819	1098.31311	-0.511265
12.794937	1098.75061	-0.511265
13.036967	1099.187988	-0.511265
13.278895	1099.625122	-0.511265
13.520705	1100.062134	-0.511265
13.76239	1100.498779	-0.511265
14.003932	1100.935303	-0.511265
14.245499	1101.371826	-0.511265
14.489925	1101.813477	-0.511265
14.734161	1102.254761	-0.511265
14.978194	1102.695801	-0.511265
15.222009	1103.13623	-0.511265
15.46559	1103.576416	-0.511265
15.708921	1104.016113	-0.511265
15.951996	1104.4552	-0.511265
16.194794	1104.893921	-0.511265
16.4373	1105.332031	-0.511265
16.679504	1105.769653	-0.511265
16.921391	1106.206665	-0.511265
17.162937	1106.643066	-0.511265
17.404142	1107.078857	-0.511265
17.644991	1107.513916	-0.511265
17.885454	1107.948364	-0.511265
18.125532	1108.381958	-0.511265
18.365206	1108.814941	-0.511265
18.604462	1109.247192	-0.511265
18.849613	1109.689941	-0.511265
19.09618	1110.135376	-0.511265
19.342255	1110.579834	-0.511265
19.587818	1111.023315	-0.511265
19.832859	1111.465942	-0.511265
20.077356	1111.907471	-0.511265
20.321297	1112.348145	-0.511265
20.564657	1112.787598	-0.511265
20.807426	1113.225952	-0.511265
21.049599	1113.663208	-0.511265
21.291142	1114.099487	-0.511265
21.532055	1114.534424	-0.511265
21.772308	1114.968262	-0.511265
22.011898	1115.400879	-0.511265
22.250795	1115.832153	-0.511265
22.488993	1116.262207	-0.511265
22.726484	1116.690918	-0.511265
22.964447	1117.120483	-0.511265
23.214209	1117.571289	-0.511265
23.463104	1118.02063	-0.511265
23.711117	1118.46814	-0.511265
23.958246	1118.914185	-0.511265
24.204458	1119.358521	-0.511265
24.449732	1119.801147	-0.511265
24.694061	1120.242065	-0.511265
24.937416	1120.681152	-0.511265
25.179785	1121.118408	-0.511265
25.421143	1121.553833	-0.511265
25.661474	1121.987427	-0.511265
25.90077	1122.419067	-0.511265
26.138994	1122.848755	-0.511265
26.376137	1123.276489	-0.511265
26.612177	1123.702148	-0.511265
26.847094	1124.125854	-0.511265
27.088676	1124.561401	-0.511265
27.341503	1125.017334	-0.511265
27.592939	1125.470581	-0.511265
27.842958	1125.921265	-0.511265
28.091537	1126.369385	-0.511265
28.338642	1126.814697	-0.511265
28.584263	1127.257324	-0.511265
28.828363	1127.697266	-0.511265
29.070932	1128.134277	-0.511265
29.311934	1128.568359	-0.511265
29.551348	1128.999634	-0.511265
29.789154	1129.427979	-0.511265
30.025322	1129.853394	-0.511265
30.259832	1130.275635	-0.511265
30.492661	1130.694824	-0.511265
30.724331	1131.111816	-0.511265
30.98225	1131.57605	-0.511265
31.237949	1132.036255	-0.511265
31.491381	1132.49231	-0.511265
31.742523	1132.944092	-0.511265
31.991352	1133.391724	-0.511265
32.237797	1133.834839	-0.511265
32.481853	1134.273682	-0.511265
32.723473	1134.708008	-0.511265
32.962631	1135.137817	-0.511265
33.199276	1135.56311	-0.511265
33.433403	1135.983765	-0.511265
33.664955	1136.399658	-0.511265
33.893894	1136.810791	-0.511265
34.134735	1137.243164	-0.511265
34.397881	1137.715454	-0.511265
34.657249	1138.180786	-0.511265
34.912788	1138.63916	-0.511265
35.164448	1139.090332	-0.511265
35.412148	1139.534302	-0.511265
35.655869	1139.971069	-0.511265
35.895535	1140.400269	-0.511265
36.131073	1140.822021	-0.511265
36.36245	1141.236084	-0.511265
36.589607	1141.642456	-0.511265
36.812481	1142.040894	-0.511265
37.066841	1142.495361	-0.511265
37.327034	1142.959961	-0.511265
37.582699	1143.41626	-0.511265
37.833912	1143.86438	-0.511265
38.080688	1144.304199	-0.511265
38.323101	1144.735962	-0.511265
38.561157	1145.159668	-0.511265
38.79493	1145.575439	-0.511265
39.024464	1145.983276	-0.511265
39.259014	1146.400024	-0.511265
39.524002	1146.870117	-0.511265
39.783051	1147.329468	-0.511265
40.03627	1147.777954	-0.511265
40.283707	1148.215698	-0.511265
40.525448	1148.643066	-0.511265
40.761566	1149.060059	-0.511265
40.992142	1149.466797	-0.511265
41.22897	1149.884033	-0.511265
41.496056	1150.354126	-0.511265
41.755241	1150.80957	-0.511265
42.006695	1151.250854	-0.511265
42.250549	1151.678101	-0.511265
42.486927	1152.091675	-0.511265
42.715969	1152.491821	-0.511265
42.975365	1152.944092	-0.511265
43.2397	1153.403931	-0.511265
43.493458	1153.844482	-0.511265
43.7369	1154.266113	-0.511265
43.970284	1154.669312	-0.511265
44.220566	1155.100586	-0.511265
44.488873	1155.561401	-0.511265
44.742466	1155.995483	-0.511265
44.981884	1156.403687	-0.511265
45.22781	1156.821167	-0.511265
45.499317	1157.279785	-0.511265
45.750141	1157.700928	-0.511265
45.989365	1158.100098	-0.511265
46.266315	1158.55835	-0.511265
46.514061	1158.964355	-0.511265
46.783413	1159.400635	-0.511265
47.03616	1159.804199	-0.511265
47.311417	1160.236572	-0.511265
47.578693	1160.649902	-0.511265
47.811382	1161.013184	-0.511265
48.083755	1161.47876	-0.511265
48.31337	1161.886108	-0.511265
48.561089	1162.333008	-0.511265
48.811672	1162.790039	-0.511265
49.04097	1163.211182	-0.511265
49.283482	1163.658936	-0.511265
49.532307	1164.119995	-0.511265
49.761589	1164.546021	-0.511265
49.997459	1164.985474	-0.511265
50.238846	1165.435791	-0.511265
50.477947	1165.882568	-0.511265
50.711918	1166.32019	-0.511265
50.948071	1166.762207	-0.511265
51.185528	1167.206665	-0.511265
51.42342	1167.652222	-0.511265
51.660881	1168.09668	-0.511265
51.897034	1168.538696	-0.511265
52.131001	1168.976196	-0.511265
52.370102	1169.422974	-0.511265
52.611496	1169.873413	-0.511265
52.847363	1170.312744	-0.511265
53.076649	1170.738892	-0.511265
53.325478	1171.199951	-0.511265
53.567986	1171.647583	-0.511265
53.797276	1172.068726	-0.511265
54.047871	1172.525757	-0.511265
54.295586	1172.972778	-0.511265
54.525215	1173.380249	-0.511265
54.797596	1173.845703	-0.511265
54.987617	1174.150757	-0.511265
55.260292	1174.617676	-0.511265
55.500679	1175.041748	-0.511265
55.736004	1175.462036	-0.511265
55.998486	1175.934814	-0.511265
56.243645	1176.379028	-0.511265
56.472473	1176.79541	-0.511265
56.712986	1177.234375	-0.511265
56.964138	1177.694092	-0.511265
57.211987	1178.148926	-0.511265
57.442368	1178.572388	-0.511265
57.678337	1179.006958	-0.511265
57.919277	1179.451172	-0.511265
58.16444	1179.903931	-0.511265
58.406292	1180.351074	-0.511265
58.641205	1180.785889	-0.511265
58.878113	1181.224731	-0.511265
59.116459	1181.666748	-0.511265
59.355701	1182.110718	-0.511265
59.595261	1182.555786	-0.511265
59.834599	1183.000732	-0.511265
60.073177	1183.444458	-0.511265
60.31041	1183.885986	-0.511265
60.545769	1184.324463	-0.511265
60.778706	1184.758545	-0.511265
61.022713	1185.213623	-0.511265
61.264671	1185.665039	-0.511265
61.501873	1186.10791	-0.511265
61.733616	1186.540771	-0.511265
61.959236	1186.962402	-0.511265
62.211494	1187.434082	-0.511265
62.455322	1187.890259	-0.511265
62.68779	1188.325562	-0.511265
62.907829	1188.737671	-0.511265
63.160774	1189.211792	-0.511265
63.407368	1189.674316	-0.511265
63.625351	1190.083618	-0.511265
63.879139	1190.560669	-0.511265
64.100014	1190.976929	-0.511265
64.240448	1191.237671	-0.511265
64.483444	1191.675049	-0.511265
64.790016	1192.221436	-0.511265
64.995857	1192.586792	-0.511265
65.225098	1192.99292	-0.511265
65.476555	1193.437744	-0.511265
65.748947	1193.919189	-0.511265
66.028336	1194.412354	-0.511265
66.250862	1194.804932	-0.511265
66.482643	1195.213623	-0.511265
66.723221	1195.637573	-0.511265
66.97213	1196.076172	-0.511265
67.228889	1196.52832	-0.511265
67.493065	1196.993408	-0.511265
67.758438	1197.460571	-0.511265
67.99234	1197.872192	-0.511265
68.230568	1198.29126	-0.511265
68.47287	1198.717529	-0.511265
68.718933	1199.150269	-0.511265
68.968506	1199.589233	-0.511265
69.221306	1200.033691	-0.511265
69.477028	1200.483276	-0.511265
69.73542	1200.9375	-0.511265
69.980652	1201.368652	-0.511265